id,units
0          2
1          2
2          2
3          2
4          2
5          2
6          2
7          2
8          2
9          2
10         2
11         2
12         2
13         2
14         2
15         2
16         2
17         2
18         2
19         2
20         2
22         2
23         2
24         2
25         2
26         2
27         2
28         2
29         2
30         2
          ..
526878    40
526879    40
526880    40
526881    40
526882    40
526883    40
526884    40
526885    40
526886    40
526887    40
526888    40
526889    40
526890    40
526891    40
526892    40
526893    40
526894    40
526895    40
526896    40
526897    40
526898    40
526899    40
526901    40
526902    40
526903    40
526904    40
526905    40
526906    40
526907    40
526908    40
Name: store_nbr, Length: 465206, dtype: int64_0           1
1           2
2           3
3           4
4           5
5           6
6           7
7           8
8           9
9          10
10         11
11         12
12         13
13         14
14         15
15         16
16         17
17         18
18         19
19         20
20         21
22         23
23         24
24         25
25         26
26         27
27         28
28         29
29         30
30         31
         ... 
526878     73
526879     74
526880     75
526881     76
526882     77
526883     78
526884     79
526885     80
526886     81
526887     82
526888     83
526889     84
526890     85
526891     86
526892     87
526893     88
526894     89
526895     90
526896     91
526897     92
526898     93
526899     94
526901     96
526902     97
526903     98
526904     99
526905    100
526906    101
526907    102
526908    103
Name: item_nbr, Length: 465206, dtype: int64_0        2013-04-01
1        2013-04-01
2        2013-04-01
3        2013-04-01
4        2013-04-01
5        2013-04-01
6        2013-04-01
7        2013-04-01
8        2013-04-01
9        2013-04-01
10       2013-04-01
11       2013-04-01
12       2013-04-01
13       2013-04-01
14       2013-04-01
15       2013-04-01
16       2013-04-01
17       2013-04-01
18       2013-04-01
19       2013-04-01
20       2013-04-01
22       2013-04-01
23       2013-04-01
24       2013-04-01
25       2013-04-01
26       2013-04-01
27       2013-04-01
28       2013-04-01
29       2013-04-01
30       2013-04-01
            ...    
526878   2014-08-02
526879   2014-08-02
526880   2014-08-02
526881   2014-08-02
526882   2014-08-02
526883   2014-08-02
526884   2014-08-02
526885   2014-08-02
526886   2014-08-02
526887   2014-08-02
526888   2014-08-02
526889   2014-08-02
526890   2014-08-02
526891   2014-08-02
526892   2014-08-02
526893   2014-08-02
526894   2014-08-02
526895   2014-08-02
526896   2014-08-02
526897   2014-08-02
526898   2014-08-02
526899   2014-08-02
526901   2014-08-02
526902   2014-08-02
526903   2014-08-02
526904   2014-08-02
526905   2014-08-02
526906   2014-08-02
526907   2014-08-02
526908   2014-08-02
Name: date, Length: 465206, dtype: datetime64[ns],4.382048402803546
0          2
1          2
2          2
3          2
4          2
5          2
6          2
7          2
8          2
9          2
10         2
11         2
12         2
13         2
14         2
15         2
16         2
17         2
18         2
19         2
20         2
22         2
23         2
24         2
25         2
26         2
27         2
28         2
29         2
30         2
          ..
526878    40
526879    40
526880    40
526881    40
526882    40
526883    40
526884    40
526885    40
526886    40
526887    40
526888    40
526889    40
526890    40
526891    40
526892    40
526893    40
526894    40
526895    40
526896    40
526897    40
526898    40
526899    40
526901    40
526902    40
526903    40
526904    40
526905    40
526906    40
526907    40
526908    40
Name: store_nbr, Length: 465206, dtype: int64_0           1
1           2
2           3
3           4
4           5
5           6
6           7
7           8
8           9
9          10
10         11
11         12
12         13
13         14
14         15
15         16
16         17
17         18
18         19
19         20
20         21
22         23
23         24
24         25
25         26
26         27
27         28
28         29
29         30
30         31
         ... 
526878     73
526879     74
526880     75
526881     76
526882     77
526883     78
526884     79
526885     80
526886     81
526887     82
526888     83
526889     84
526890     85
526891     86
526892     87
526893     88
526894     89
526895     90
526896     91
526897     92
526898     93
526899     94
526901     96
526902     97
526903     98
526904     99
526905    100
526906    101
526907    102
526908    103
Name: item_nbr, Length: 465206, dtype: int64_0        2013-04-01
1        2013-04-01
2        2013-04-01
3        2013-04-01
4        2013-04-01
5        2013-04-01
6        2013-04-01
7        2013-04-01
8        2013-04-01
9        2013-04-01
10       2013-04-01
11       2013-04-01
12       2013-04-01
13       2013-04-01
14       2013-04-01
15       2013-04-01
16       2013-04-01
17       2013-04-01
18       2013-04-01
19       2013-04-01
20       2013-04-01
22       2013-04-01
23       2013-04-01
24       2013-04-01
25       2013-04-01
26       2013-04-01
27       2013-04-01
28       2013-04-01
29       2013-04-01
30       2013-04-01
            ...    
526878   2014-08-02
526879   2014-08-02
526880   2014-08-02
526881   2014-08-02
526882   2014-08-02
526883   2014-08-02
526884   2014-08-02
526885   2014-08-02
526886   2014-08-02
526887   2014-08-02
526888   2014-08-02
526889   2014-08-02
526890   2014-08-02
526891   2014-08-02
526892   2014-08-02
526893   2014-08-02
526894   2014-08-02
526895   2014-08-02
526896   2014-08-02
526897   2014-08-02
526898   2014-08-02
526899   2014-08-02
526901   2014-08-02
526902   2014-08-02
526903   2014-08-02
526904   2014-08-02
526905   2014-08-02
526906   2014-08-02
526907   2014-08-02
526908   2014-08-02
Name: date, Length: 465206, dtype: datetime64[ns],4.251577560588414
0          2
1          2
2          2
3          2
4          2
5          2
6          2
7          2
8          2
9          2
10         2
11         2
12         2
13         2
14         2
15         2
16         2
17         2
18         2
19         2
20         2
22         2
23         2
24         2
25         2
26         2
27         2
28         2
29         2
30         2
          ..
526878    40
526879    40
526880    40
526881    40
526882    40
526883    40
526884    40
526885    40
526886    40
526887    40
526888    40
526889    40
526890    40
526891    40
526892    40
526893    40
526894    40
526895    40
526896    40
526897    40
526898    40
526899    40
526901    40
526902    40
526903    40
526904    40
526905    40
526906    40
526907    40
526908    40
Name: store_nbr, Length: 465206, dtype: int64_0           1
1           2
2           3
3           4
4           5
5           6
6           7
7           8
8           9
9          10
10         11
11         12
12         13
13         14
14         15
15         16
16         17
17         18
18         19
19         20
20         21
22         23
23         24
24         25
25         26
26         27
27         28
28         29
29         30
30         31
         ... 
526878     73
526879     74
526880     75
526881     76
526882     77
526883     78
526884     79
526885     80
526886     81
526887     82
526888     83
526889     84
526890     85
526891     86
526892     87
526893     88
526894     89
526895     90
526896     91
526897     92
526898     93
526899     94
526901     96
526902     97
526903     98
526904     99
526905    100
526906    101
526907    102
526908    103
Name: item_nbr, Length: 465206, dtype: int64_0        2013-04-01
1        2013-04-01
2        2013-04-01
3        2013-04-01
4        2013-04-01
5        2013-04-01
6        2013-04-01
7        2013-04-01
8        2013-04-01
9        2013-04-01
10       2013-04-01
11       2013-04-01
12       2013-04-01
13       2013-04-01
14       2013-04-01
15       2013-04-01
16       2013-04-01
17       2013-04-01
18       2013-04-01
19       2013-04-01
20       2013-04-01
22       2013-04-01
23       2013-04-01
24       2013-04-01
25       2013-04-01
26       2013-04-01
27       2013-04-01
28       2013-04-01
29       2013-04-01
30       2013-04-01
            ...    
526878   2014-08-02
526879   2014-08-02
526880   2014-08-02
526881   2014-08-02
526882   2014-08-02
526883   2014-08-02
526884   2014-08-02
526885   2014-08-02
526886   2014-08-02
526887   2014-08-02
526888   2014-08-02
526889   2014-08-02
526890   2014-08-02
526891   2014-08-02
526892   2014-08-02
526893   2014-08-02
526894   2014-08-02
526895   2014-08-02
526896   2014-08-02
526897   2014-08-02
526898   2014-08-02
526899   2014-08-02
526901   2014-08-02
526902   2014-08-02
526903   2014-08-02
526904   2014-08-02
526905   2014-08-02
526906   2014-08-02
526907   2014-08-02
526908   2014-08-02
Name: date, Length: 465206, dtype: datetime64[ns],2.4842498910610993
0          2
1          2
2          2
3          2
4          2
5          2
6          2
7          2
8          2
9          2
10         2
11         2
12         2
13         2
14         2
15         2
16         2
17         2
18         2
19         2
20         2
22         2
23         2
24         2
25         2
26         2
27         2
28         2
29         2
30         2
          ..
526878    40
526879    40
526880    40
526881    40
526882    40
526883    40
526884    40
526885    40
526886    40
526887    40
526888    40
526889    40
526890    40
526891    40
526892    40
526893    40
526894    40
526895    40
526896    40
526897    40
526898    40
526899    40
526901    40
526902    40
526903    40
526904    40
526905    40
526906    40
526907    40
526908    40
Name: store_nbr, Length: 465206, dtype: int64_0           1
1           2
2           3
3           4
4           5
5           6
6           7
7           8
8           9
9          10
10         11
11         12
12         13
13         14
14         15
15         16
16         17
17         18
18         19
19         20
20         21
22         23
23         24
24         25
25         26
26         27
27         28
28         29
29         30
30         31
         ... 
526878     73
526879     74
526880     75
526881     76
526882     77
526883     78
526884     79
526885     80
526886     81
526887     82
526888     83
526889     84
526890     85
526891     86
526892     87
526893     88
526894     89
526895     90
526896     91
526897     92
526898     93
526899     94
526901     96
526902     97
526903     98
526904     99
526905    100
526906    101
526907    102
526908    103
Name: item_nbr, Length: 465206, dtype: int64_0        2013-04-01
1        2013-04-01
2        2013-04-01
3        2013-04-01
4        2013-04-01
5        2013-04-01
6        2013-04-01
7        2013-04-01
8        2013-04-01
9        2013-04-01
10       2013-04-01
11       2013-04-01
12       2013-04-01
13       2013-04-01
14       2013-04-01
15       2013-04-01
16       2013-04-01
17       2013-04-01
18       2013-04-01
19       2013-04-01
20       2013-04-01
22       2013-04-01
23       2013-04-01
24       2013-04-01
25       2013-04-01
26       2013-04-01
27       2013-04-01
28       2013-04-01
29       2013-04-01
30       2013-04-01
            ...    
526878   2014-08-02
526879   2014-08-02
526880   2014-08-02
526881   2014-08-02
526882   2014-08-02
526883   2014-08-02
526884   2014-08-02
526885   2014-08-02
526886   2014-08-02
526887   2014-08-02
526888   2014-08-02
526889   2014-08-02
526890   2014-08-02
526891   2014-08-02
526892   2014-08-02
526893   2014-08-02
526894   2014-08-02
526895   2014-08-02
526896   2014-08-02
526897   2014-08-02
526898   2014-08-02
526899   2014-08-02
526901   2014-08-02
526902   2014-08-02
526903   2014-08-02
526904   2014-08-02
526905   2014-08-02
526906   2014-08-02
526907   2014-08-02
526908   2014-08-02
Name: date, Length: 465206, dtype: datetime64[ns],8.711264493503304
